25   4756   650  *******
24   5432    34  ********
23   5778   306  ********
22   5451  1430  *********
21   6724   345  *********
20   7397   282  **********
19   6835  1148  **********
18   7782    48  **********
17   7119   144  **********
16   8137   225  ***********
15   8119    54  ***********
14   8083   307  ***********
13   8274   336  ***********
12   9793   127  *************
11   6935   385  *********
10  11091   169  **************
 9  11811  1919  *****************
 8  14537   240  ******************
 7  15212  1556  ********************
 6  18833   772  ***********************
 5  17892   752  **********************
 4  19265  1069  *************************
 3  22759  2666  *******************************
 2  24196  3105  ********************************
 1  27175  7681  *****************************************